76679 Aerop. Intl Mexico, D.F. Observations at 12Z 21 Feb 2017

-----------------------------------------------------------------------------
   PRES   HGHT   TEMP   DWPT   RELH   MIXR   DRCT   SKNT   THTA   THTE   THTV
    hPa     m      C      C      %    g/kg    deg   knot     K      K      K 
-----------------------------------------------------------------------------
 1000.0    150                                                               
  925.0    823                                                               
  850.0   1543                                                               
  775.0   2313   10.2    4.2     66   6.71    245      3  304.8  325.3  306.0
  774.0   2324   10.8    0.8     50   5.27    253      3  305.5  321.9  306.5
  767.0   2399   10.1    2.5     59   6.00    310      4  305.6  324.1  306.7
  753.0   2553    8.8    5.9     82   7.79    321      5  305.8  329.6  307.2
  717.0   2958    6.4    6.2     99   8.36    352      7  307.4  333.1  309.0
  713.0   3004    6.2    5.5     95   7.99    355      7  307.7  332.2  309.1
  700.0   3155    5.4    3.1     85   6.88      0      5  308.4  329.8  309.7
  688.0   3296    5.4    1.6     76   6.27    325      2  310.0  329.6  311.1
  686.0   3320    5.4    1.3     75   6.17    314      3  310.2  329.6  311.4
  663.0   3597    3.8    0.7     81   6.12    180     12  311.4  330.7  312.6
  650.0   3757    2.8    0.4     84   6.10    180     14  312.1  331.4  313.2
  643.0   3845    2.0    0.4     89   6.17    180     15  312.1  331.7  313.3
  637.0   3920    2.0   -3.0     69   4.84    180     16  313.0  328.5  313.9
  615.0   4202   -0.6   -6.5     65   3.85    180     19  313.1  325.7  313.9
  611.0   4254   -1.1   -7.1     64   3.69    186     20  313.2  325.2  313.9
  608.0   4293    0.0  -17.0     27   1.67    190     21  314.9  320.6  315.2
  585.0   4600   -0.9  -30.9      8   0.50    223     27  317.3  319.2  317.4
  582.0   4641   -1.1  -31.1      8   0.49    227     28  317.6  319.4  317.6
  572.0   4779    2.2  -29.8      7   0.57    242     30  323.0  325.1  323.1
  570.0   4807    2.1  -30.1      7   0.55    245     31  323.2  325.2  323.3
  512.0   5663   -2.1  -39.1      4   0.25    233     50  328.2  329.2  328.2
  500.0   5850   -3.5  -40.5      4   0.22    230     54  328.7  329.6  328.8
  491.0   5991   -4.5  -41.4      4   0.21    230     55  329.2  330.1  329.2
  435.0   6933  -11.1  -47.1      3   0.13    236     62  332.4  332.9  332.4
  400.0   7570  -16.5  -47.5      5   0.13    240     66  333.5  334.0  333.5
  382.0   7913  -19.7  -50.7      5   0.10    242     63  333.7  334.1  333.7
  358.0   8388  -22.5  -52.3      5   0.09    245     59  336.2  336.6  336.2
  343.0   8702  -24.3  -53.3      5   0.08    247     54  337.8  338.2  337.9
  300.0   9660  -32.1  -55.1      8   0.07    255     38  340.0  340.3  340.0
  272.0  10344  -37.7  -57.7     11   0.06    267     23  341.6  341.8  341.6
  266.0  10496  -38.9  -59.7      9   0.05    270     19  342.0  342.2  342.0
  254.0  10812  -41.3  -63.7      7   0.03    255     10  343.0  343.1  343.0
  250.0  10920  -42.1  -65.1      6   0.02    270      5  343.3  343.4  343.3
  243.0  11111  -42.5  -66.4      6   0.02    350      3  345.5  345.6  345.5
  234.0  11366  -43.1  -68.1      5   0.02    332      4  348.4  348.5  348.4
  233.0  11394  -43.4  -68.2      5   0.02    330      4  348.4  348.5  348.4
  223.0  11683  -46.0  -69.5      5   0.01    250      2  348.8  348.9  348.8
  213.0  11985  -48.7  -70.7      6   0.01    210      3  349.1  349.2  349.1
  203.0  12302  -51.6  -72.1      7   0.01    200      5  349.4  349.4  349.4
  200.0  12400  -52.5  -72.5      7   0.01    200      5  349.5  349.5  349.5
  194.0  12596  -54.1  -73.3      8   0.01    135      4  350.0  350.1  350.0
  185.0  12901  -56.5  -74.5      9   0.01    175      3  350.9  350.9  350.9
  176.0  13212  -58.5  -76.3      8   0.01      0      1  352.6  352.6  352.6
  168.0  13503  -60.4  -77.9      8   0.01    195     12  354.2  354.3  354.2
  150.0  14210  -64.9  -81.9      8   0.00    265     25  358.1  358.1  358.1
  145.0  14410  -66.0  -82.8      8   0.00    275     29  359.7  359.8  359.7
  125.0  15285  -70.6  -86.7      8   0.00    295     16  367.0  367.0  367.0
  119.0  15575  -72.1  -88.0      8   0.00    270     15  369.4  369.4  369.4
  107.0  16201  -75.4  -90.7      8   0.00    295     18  374.5  374.5  374.5
  100.0  16600  -77.5  -92.5      8   0.00    335     18  377.7  377.8  377.7
   97.0  16773  -78.2  -92.8      8   0.00    350     15  379.8  379.8  379.8
   92.0  17073  -79.3  -93.4      8   0.00      5     10  383.3  383.3  383.3
   87.0  17391  -80.5  -94.1      9   0.00    320      4  387.1  387.1  387.1
   83.0  17658  -81.5  -94.6     10   0.00    235      3  390.3  390.3  390.3
   82.2  17713  -81.7  -94.7     10   0.00    230      2  390.9  390.9  390.9
   78.0  18009  -80.9  -94.9      8   0.00     85      5  398.5  398.5  398.5
   74.0  18306  -80.1  -95.1      7   0.00     66      6  406.2  406.2  406.2
   70.0  18620  -80.5  -93.5     10   0.00     45      8  411.9  411.9  411.9
   67.2  18850  -82.3  -94.3     12   0.00     31      9  412.8  412.8  412.8
   67.0  18867  -82.2  -94.2     12   0.00     30      9  413.3  413.3  413.3
   63.0  19214  -81.1  -93.1     12   0.00     60      6  423.1  423.2  423.1
   60.0  19489  -80.2  -92.2     12   0.00    310      5  431.1  431.2  431.1
   59.8  19507  -80.1  -92.1     12   0.00    316      6  431.7  431.7  431.7
   57.5  19732  -75.7  -91.7      7   0.00     21     15  446.5  446.5  446.5
   57.0  19783  -75.5  -91.5      7   0.00     35     17  448.1  448.1  448.1
   54.0  20100  -74.1  -90.5      7   0.00     80     16  458.3  458.3  458.3
   51.0  20434  -72.6  -89.5      6   0.00     40     11  469.3  469.3  469.3
   50.0  20550  -72.1  -89.1      6   0.00     40     14  473.2  473.2  473.2
   49.0  20669  -72.6  -89.6      6   0.00     60     13  474.7  474.7  474.7
   47.0  20914  -73.7  -90.7      6   0.00     86      6  477.8  477.8  477.8
   46.0  21041  -73.2  -90.8      5   0.00    100      3  481.9  481.9  481.9
   44.0  21304  -72.2  -90.9      5   0.00     35      5  490.5  490.6  490.5
   42.0  21579  -71.2  -91.0      4   0.00     30      6  499.7  499.7  499.7
   40.1  21853  -70.1  -91.1      3   0.00      2      1  509.0  509.0  509.0
   40.0  21868  -69.9  -91.1      3   0.00      0      1  509.8  509.8  509.8
   38.0  22179  -66.5  -90.4      2   0.00    275      4  525.9  525.9  525.9
   36.5  22423  -63.9  -89.9      2   0.00    335      8  538.8  538.8  538.8
   36.0  22509  -63.6  -89.8      2   0.00    355     10  541.6  541.7  541.6
   30.0  23640  -60.1  -88.1      1   0.01    350     13  580.2  580.3  580.2
   28.0  24074  -59.1  -87.5      1   0.01    350      8  594.5  594.5  594.5
   27.0  24303  -58.6  -87.2      1   0.01      5      8  602.1  602.2  602.1
   25.0  24787  -57.5  -86.6      1   0.01     45      7  618.7  618.8  618.7
   23.0  25312  -56.3  -86.0      1   0.01    240     12  637.1  637.2  637.1
   22.0  25592  -55.7  -85.6      1   0.01    250      8  647.1  647.2  647.1
   21.7  25678  -55.5  -85.5      1   0.01    237      7  650.2  650.3  650.2
   21.0  25888  -54.6  -85.4      1   0.01    205      3  659.0  659.1  659.0
   20.0  26200  -53.3  -85.3      1   0.01    275     17  672.3  672.4  672.3
   19.1  26496  -53.7  -84.7      1   0.02    264     18  679.9  680.1  679.9
   17.0  27256  -48.3  -82.5      1   0.03    235     22  720.3  720.6  720.3
   16.5  27451  -46.9  -81.9      1   0.03    246     21  730.9  731.3  731.0
   15.8  27739  -45.5  -81.5      1   0.03    261     20  744.6  745.0  744.6
   14.0  28536  -48.6  -82.1      1   0.03    305     16  760.3  760.7  760.3
   13.0  29024  -50.5  -82.5      1   0.03    274     17  770.0  770.4  770.0
   12.2  29438  -51.1  -82.1      1   0.04    247     19  782.0  782.5  782.0
   12.0  29547  -50.4  -81.9      1   0.04    240     19  788.4  788.9  788.4
   11.0  30120  -46.4  -81.1      1   0.05    245     20  822.6  823.2  822.6
   10.6  30364  -44.7  -80.7      1   0.06                837.5  838.2  837.5
